


หมายเลข 201 { 0.732267693072826 , 0.11058062132003943 , 0.45043836307433915 , 
                        0.38467741887306167 , 0.5802087800894927 , 0.6636146308673297 , 
                        0.41419657289205974 , 0.42340561711855057 , 0.4635321679911866     }


หมายเลข 202 { 0.36002530971071667 , 0.42188279716718174 , 0.598887763268166 , 
                        0.5103285574530257 , 0.3825133586419894 , 0.5842312396947739 , 
                        0.6014741428974428 , 0.34274895317379156 , 0.550948041593315     }


หมายเลข 203 { 0.744166934587296 , 0.3072666753877478 , 0.7051822492029934 , 
                        0.3285521168040675 , 0.5054305330837189 , 0.576994465107612 , 
                        0.30368404155775464 , 0.2782710742717523 , 0.5056688422932831     }


หมายเลข 204 { 0.4424671442324685 , 0.2940461473816454 , 0.6453965021061204 , 
                        0.49953970946404863 , 0.5175761806075782 , 0.4779507872614459 , 
                        0.40658101973605776 , 0.3005058735969083 , 0.5698159863310036     }


หมายเลข 205 { 0.43980016432489616 , 0.3934261661011855 , 0.5371576222332427 , 
                        0.6181922570175583 , 0.3945214502754033 , 0.6191374163126783 , 
                        0.5623510218560451 , 0.3684272355701972 , 0.6533088089097582     }


หมายเลข 206 { 0.5459548130382847 , 0.5831007556210269 , 0.6771148405126811 , 
                        0.5759534727302099 , 0.36120915215481614 , 0.5905173531045248 , 
                        0.6565257705190081 , 0.36492832505565165 , 0.5649999915108889     }


หมายเลข 207 { 0.6649569158943766 , 0.45813060914146453 , 0.7613721281935026 , 
                        0.18296502931696304 , 0.18706285792261493 , 0.7081974663771048 , 
                        0.0 , 0.022862658189119117 , 0.6735836448908974     }


หมายเลข 209 { 0.6934803455616582 , 0.18251788289346718 , 0.43999933563418026 , 
                        0.7164257393988657 , 0.4524272539818697 , 0.654437499167527 , 
                        0.5475917317598312 , 0.8602625564683005 , 0.1835907681038913     }


หมายเลข 210 { 0.430325077649774 , 0.3710370393736147 , 0.6160994710369782 , 
                        0.0046683587614900065 , 0.014298109007336754 , 0.7568796958384815 , 
                        0.0 , 0.01811221613988678 , 0.7419039856314024     }


หมายเลข 212 { 0.34983620397422976 , 0.8732916020872414 , 0.24442697443263553 , 
                        0.7607578808038099 , 0.47087295288241665 , 0.6664289687164208 , 
                        0.5268097646488885 , 0.41870771343606306 , 0.7311076811778995     }


หมายเลข 213 { 0.049526926363626045 , 0.23228897171035037 , 0.5962520940441275 , 
                        0.611824472108258 , 0.5597362795370026 , 0.8384965343886602 , 
                        0.6215479696971445 , 0.5197506773616355 , 0.7783155111654176     }


หมายเลข 214 { 0.02964995171413622 , 0.2750554054148864 , 0.6986908845850691 , 
                        0.578045585828535 , 0.6178665014903956 , 0.7178975375491757 , 
                        0.6364647605695457 , 0.5494645964678053 , 0.6769559213005879     }


หมายเลข 215 { 0.03540362098385852 , 0.46752036359592375 , 0.6676560158013262 , 
                        0.6050374472641349 , 0.5881365881254176 , 0.8488085724537605 , 
                        0.6426907045002047 , 0.5356512095167537 , 0.78511414848419     }


หมายเลข 216 { 0.6006722436897857 , 0.8443322712546464 , 0.5533855669937774 , 
                        0.6208316794013761 , 0.7886904616644764 , 0.9484994533748442 , 
                        0.007526929265797827 , 0.4006132615620914 , 0.9152676562820102     }


หมายเลข 217 { 0.6978358508548967 , 0.4796163638749374 , 0.7117909687408005 , 
                        0.6714761227768015 , 0.6559161572730092 , 0.8334353384906986 , 
                        0.09013326927602165 , 0.8187284971507419 , 0.7988295858627965     }


หมายเลข 223 { 0.47969847526053094 , 0.6014323888549152 , 0.37149620086467633 , 
                        0.6479070451023868 , 0.6329621696897103 , 0.6010902255098983 , 
                        0.5078170759375079 , 0.6088166931936296 , 0.4152514283512028     }


หมายเลข 224 { 0.8441010149081313 , 0.3785978070199371 , 0.01448885118377622 , 
                        0.8855346645999017 , 0.40587961380735105 , 0.004613282324050836 , 
                        0.74655834708122 , 0.7829709455902526 , 0.6482895243360242     }


หมายเลข 226 { 0.37139590991327914 , 0.6069668824427051 , 0.24495874968623674 , 
                        0.003640765270019697 , 0.5668231868631497 , 0.05751996944590022 , 
                        0.002955163682099233 , 0.5828815561943602 , 0.36229268550869803     }


หมายเลข 227 { 0.5671178660263397 , 0.6731281003119166 , 0.16985045933543744 , 
                        0.0 , 0.5194861919067773 , 0.12273352545126447 , 
                        0.0 , 0.4918008633204596 , 0.46915333649181234     }


หมายเลข 228 { 0.45693312863037244 , 0.6463611609724055 , 0.16561829176358403 , 
                        0.008578296675414605 , 0.4633912385905772 , 0.15020195621144475 , 
                        0.0 , 0.43388137564714463 , 0.4793050631486297     }


หมายเลข 229 { 0.3092901003743917 , 0.27329808356886565 , 0.6497818648859504 , 
                        0.0 , 0.0176484839367472 , 0.7567327659009351 , 
                        0.0 , 0.020670905003310678 , 0.7494147566671258     }


หมายเลข 230 { 0.6740689905318403 , 0.47270949694444225 , 0.6759613211052017 , 
                        0.08283240432232164 , 0.061211010857137656 , 0.6716587692538187 , 
                        0.0 , 0.054633241994667264 , 0.6555996333420385     }


หมายเลข 231 { 0.200706388190532 , 0.36629299242271013 , 0.6864280688268266 , 
                        0.7301388692519803 , 0.47826875939598207 , 0.4762085796352049 , 
                        0.6905148586642745 , 0.6811300558190467 , 0.6092096986320946     }


หมายเลข 232 { 0.6387975102014337 , 0.7841539564243994 , 0.6266512747209433 , 
                        0.7237863481252189 , 0.7912140678549857 , 0.708059499165695 , 
                        0.5800994212654358 , 0.7800090785331056 , 0.5910353530525013     }


หมายเลข 233 { 0.65277668913283 , 0.30016403824494925 , 0.4480653544080843 , 
                        0.6879671663381636 , 0.5783748206314487 , 0.6373424955458996 , 
                        0.6119177743417249 , 0.7247270241697142 , 0.11179171000055733     }


หมายเลข 234 { 0.5132184705973551 , 0.5844775669699601 , 0.5226239127744796 , 
                        0.8072961935376388 , 0.6081885963272388 , 0.6945686955790712 , 
                        0.7091566640704504 , 0.6325986340883095 , 0.3109380490614478     }


หมายเลข 235 { 0.005579500274709975 , 0.7619114642084456 , 0.010072592925236384 , 
                        0.6585711169328582 , 0.9552862872842455 , 0.6631628636118287 , 
                        0.014736457438669914 , 0.7721990986418911 , 0.018056518555159416     }


หมายเลข 236 { 0.04618028311558578 , 0.26040508307552296 , 0.7660892232411821 , 
                        0.69093409377248 , 0.676324297544595 , 0.15304734582025067 , 
                        0.6679208037892744 , 0.5890848147774738 , 0.004305258483745481     }


หมายเลข 237 { 0.42416112269563805 , 0.9211629466422279 , 0.44384756570898026 , 
                        0.9296381204689407 , 0.4151940962661804 , 0.9250592715419521 , 
                        0.4342017770354824 , 0.9260228156999636 , 0.43356856414965433     }

 ======================================================================================= 




หมายเลข 201 { 0.732267693072826 , 0.11058062132003943 , 0.45043836307433915 , 
                        0.38467741887306167 , 0.5802087800894927 , 0.6636146308673297 , 
                        0.41419657289205974 , 0.42340561711855057 , 0.4635321679911866     }


หมายเลข 202 { 0.36002530971071667 , 0.42188279716718174 , 0.598887763268166 , 
                        0.5103285574530257 , 0.3825133586419894 , 0.5842312396947739 , 
                        0.6014741428974428 , 0.34274895317379156 , 0.550948041593315     }


หมายเลข 203 { 0.744166934587296 , 0.3072666753877478 , 0.7051822492029934 , 
                        0.3285521168040675 , 0.5054305330837189 , 0.576994465107612 , 
                        0.30368404155775464 , 0.2782710742717523 , 0.5056688422932831     }


หมายเลข 204 { 0.4424671442324685 , 0.2940461473816454 , 0.6453965021061204 , 
                        0.49953970946404863 , 0.5175761806075782 , 0.4779507872614459 , 
                        0.40658101973605776 , 0.3005058735969083 , 0.5698159863310036     }


หมายเลข 205 { 0.43980016432489616 , 0.3934261661011855 , 0.5371576222332427 , 
                        0.6181922570175583 , 0.3945214502754033 , 0.6191374163126783 , 
                        0.5623510218560451 , 0.3684272355701972 , 0.6533088089097582     }


หมายเลข 206 { 0.5459548130382847 , 0.5831007556210269 , 0.6771148405126811 , 
                        0.5759534727302099 , 0.36120915215481614 , 0.5905173531045248 , 
                        0.6565257705190081 , 0.36492832505565165 , 0.5649999915108889     }


หมายเลข 207 { 0.6649569158943766 , 0.45813060914146453 , 0.7613721281935026 , 
                        0.18296502931696304 , 0.18706285792261493 , 0.7081974663771048 , 
                        0.0 , 0.022862658189119117 , 0.6735836448908974     }


หมายเลข 209 { 0.6934803455616582 , 0.18251788289346718 , 0.43999933563418026 , 
                        0.7164257393988657 , 0.4524272539818697 , 0.654437499167527 , 
                        0.5475917317598312 , 0.8602625564683005 , 0.1835907681038913     }


หมายเลข 210 { 0.430325077649774 , 0.3710370393736147 , 0.6160994710369782 , 
                        0.0046683587614900065 , 0.014298109007336754 , 0.7568796958384815 , 
                        0.0 , 0.01811221613988678 , 0.7419039856314024     }


หมายเลข 212 { 0.34983620397422976 , 0.8732916020872414 , 0.24442697443263553 , 
                        0.7607578808038099 , 0.47087295288241665 , 0.6664289687164208 , 
                        0.5268097646488885 , 0.41870771343606306 , 0.7311076811778995     }


หมายเลข 213 { 0.049526926363626045 , 0.23228897171035037 , 0.5962520940441275 , 
                        0.611824472108258 , 0.5597362795370026 , 0.8384965343886602 , 
                        0.6215479696971445 , 0.5197506773616355 , 0.7783155111654176     }


หมายเลข 214 { 0.02964995171413622 , 0.2750554054148864 , 0.6986908845850691 , 
                        0.578045585828535 , 0.6178665014903956 , 0.7178975375491757 , 
                        0.6364647605695457 , 0.5494645964678053 , 0.6769559213005879     }


หมายเลข 215 { 0.03540362098385852 , 0.46752036359592375 , 0.6676560158013262 , 
                        0.6050374472641349 , 0.5881365881254176 , 0.8488085724537605 , 
                        0.6426907045002047 , 0.5356512095167537 , 0.78511414848419     }


หมายเลข 216 { 0.6006722436897857 , 0.8443322712546464 , 0.5533855669937774 , 
                        0.6208316794013761 , 0.7886904616644764 , 0.9484994533748442 , 
                        0.007526929265797827 , 0.4006132615620914 , 0.9152676562820102     }


หมายเลข 217 { 0.6978358508548967 , 0.4796163638749374 , 0.7117909687408005 , 
                        0.6714761227768015 , 0.6559161572730092 , 0.8334353384906986 , 
                        0.09013326927602165 , 0.8187284971507419 , 0.7988295858627965     }


หมายเลข 223 { 0.47969847526053094 , 0.6014323888549152 , 0.37149620086467633 , 
                        0.6479070451023868 , 0.6329621696897103 , 0.6010902255098983 , 
                        0.5078170759375079 , 0.6088166931936296 , 0.4152514283512028     }


หมายเลข 224 { 0.8441010149081313 , 0.3785978070199371 , 0.01448885118377622 , 
                        0.8855346645999017 , 0.40587961380735105 , 0.004613282324050836 , 
                        0.74655834708122 , 0.7829709455902526 , 0.6482895243360242     }


หมายเลข 226 { 0.37139590991327914 , 0.6069668824427051 , 0.24495874968623674 , 
                        0.003640765270019697 , 0.5668231868631497 , 0.05751996944590022 , 
                        0.002955163682099233 , 0.5828815561943602 , 0.36229268550869803     }


หมายเลข 227 { 0.5671178660263397 , 0.6731281003119166 , 0.16985045933543744 , 
                        0.0 , 0.5194861919067773 , 0.12273352545126447 , 
                        0.0 , 0.4918008633204596 , 0.46915333649181234     }


หมายเลข 228 { 0.45693312863037244 , 0.6463611609724055 , 0.16561829176358403 , 
                        0.008578296675414605 , 0.4633912385905772 , 0.15020195621144475 , 
                        0.0 , 0.43388137564714463 , 0.4793050631486297     }


หมายเลข 229 { 0.3092901003743917 , 0.27329808356886565 , 0.6497818648859504 , 
                        0.0 , 0.0176484839367472 , 0.7567327659009351 , 
                        0.0 , 0.020670905003310678 , 0.7494147566671258     }


หมายเลข 230 { 0.6740689905318403 , 0.47270949694444225 , 0.6759613211052017 , 
                        0.08283240432232164 , 0.061211010857137656 , 0.6716587692538187 , 
                        0.0 , 0.054633241994667264 , 0.6555996333420385     }


หมายเลข 231 { 0.200706388190532 , 0.36629299242271013 , 0.6864280688268266 , 
                        0.7301388692519803 , 0.47826875939598207 , 0.4762085796352049 , 
                        0.6905148586642745 , 0.6811300558190467 , 0.6092096986320946     }


หมายเลข 232 { 0.6387975102014337 , 0.7841539564243994 , 0.6266512747209433 , 
                        0.7237863481252189 , 0.7912140678549857 , 0.708059499165695 , 
                        0.5800994212654358 , 0.7800090785331056 , 0.5910353530525013     }


หมายเลข 233 { 0.65277668913283 , 0.30016403824494925 , 0.4480653544080843 , 
                        0.6879671663381636 , 0.5783748206314487 , 0.6373424955458996 , 
                        0.6119177743417249 , 0.7247270241697142 , 0.11179171000055733     }


หมายเลข 234 { 0.5132184705973551 , 0.5844775669699601 , 0.5226239127744796 , 
                        0.8072961935376388 , 0.6081885963272388 , 0.6945686955790712 , 
                        0.7091566640704504 , 0.6325986340883095 , 0.3109380490614478     }


หมายเลข 235 { 0.005579500274709975 , 0.7619114642084456 , 0.010072592925236384 , 
                        0.6585711169328582 , 0.9552862872842455 , 0.6631628636118287 , 
                        0.014736457438669914 , 0.7721990986418911 , 0.018056518555159416     }


หมายเลข 236 { 0.04618028311558578 , 0.26040508307552296 , 0.7660892232411821 , 
                        0.69093409377248 , 0.676324297544595 , 0.15304734582025067 , 
                        0.6679208037892744 , 0.5890848147774738 , 0.004305258483745481     }


หมายเลข 237 { 0.42416112269563805 , 0.9211629466422279 , 0.44384756570898026 , 
                        0.9296381204689407 , 0.4151940962661804 , 0.9250592715419521 , 
                        0.4342017770354824 , 0.9260228156999636 , 0.43356856414965433     }

 ======================================================================================= 

